Average waiting time: 37.5333
ID;Arrival_Time;Burst_time;Completion_time;Waiting_Time;Priority
0;0;4;4;0;4.000000
7;0;7;11;4;7.000000
6;3;7;18;8;2.000000
12;3;4;22;15;9.000000
13;3;6;28;19;8.000000
10;4;7;35;24;9.000000
2;6;6;41;29;6.000000
5;6;9;50;35;7.000000
11;6;6;56;44;8.000000
14;6;8;64;50;9.000000
1;7;5;69;57;7.000000
9;7;5;74;62;4.000000
4;8;7;81;66;8.000000
3;9;6;87;72;0.000000
8;9;3;90;78;0.000000
